7.84	0.047145085953273436	0.374	-0.4559003970637914	1.4	1.0
31.36	0.029951146446589014	0.9604	-0.7293431758673806	1.4	1.0
70.55999999999997	0.023530938300763034	1.6906	-0.8236268170073857	1.4	1.0
125.44	0.020530130155086822	2.5964	-0.7915652824367986	1.4	1.0
195.99999999999994	0.018655984613984593	3.6502	-0.5489741575931203	1.4	1.0
282.2399999999999	0.01875899087563474	5.2544	-0.1672000233355883	1.4	1.0
384.1599999999998	0.01688519357220389	6.512	0.5974032139962314	1.4	1.0
501.76	0.016409880985999548	8.2692	1.6317323088239921	1.4	1.0
635.0399999999998	0.0160457001470693	10.1568	2.995901098559825	1.4	1.0
783.9999999999998	0.015404650289067692	12.113	4.62457133227021	1.4	1.0
948.6399999999998	0.01475708931732732	13.9784	6.44623513591103	1.4	1.0
1128.9599999999996	0.014339430822448236	16.1548	8.739574329206915	1.4	1.0
1324.9599999999996	0.014147921632895808	18.709	11.382613127048625	1.4	1.0
1536.6399999999992	0.013589604595148965	20.8342	14.094054452690337	1.4	1.0
1763.9999999999993	0.013489442066619861	23.7402	17.524344493241102	1.4	1.0
2007.04	0.01310253261021754	26.3132	21.028661254150567	1.4	1.0
2265.759999999999	0.012621352476559175	28.7044	24.588895352353536	1.4	1.0
2540.1599999999994	0.012191031064424571	31.0948	28.345135112594992	1.4	1.0
2830.239999999999	0.011849887205341492	33.483	32.17554664750155	1.4	1.0
3135.999999999999	0.011721927229672633	36.8326	37.25519942761414	1.4	1.0
12.959999999999999	0.04070803679883974	0.5386	-0.7060361647773882	1.8	1.0
51.839999999999996	0.026816370203997058	1.4032	-1.1848632863660917	1.8	1.0
116.63999999999999	0.022489773076561075	2.6126	-1.5040790890201472	1.8	1.0
207.35999999999999	0.020850287643834634	4.292	-1.6714695279621	1.8	1.0
323.99999999999994	0.019789970532080106	6.4158	-1.4430607190704718	1.8	1.0
466.55999999999995	0.020181926915252536	9.4642	-0.7718588176742288	1.8	1.0
635.0399999999998	0.01973171853273691	12.5554	0.47163314163415226	1.8	1.0
829.4399999999999	0.02042753223142526	16.994	2.526836018078605	1.8	1.0
1049.76	0.02061880511309628	21.5882	5.344337931535555	1.8	1.0
1295.9999999999998	0.020551073221296876	26.6282	9.012535055355546	1.8	1.0
1568.16	0.02040297818142897	32.0482	13.6933472203764	1.8	1.0
1866.2399999999998	0.021014138033596426	39.2902	19.969218495895422	1.8	1.0
2190.24	0.020978574977887507	46.0896	26.970606046637684	1.8	1.0
2540.1599999999994	0.02053712093926904	52.097	33.91931503604507	1.8	1.0
2916.0	0.020991362618970562	61.32	44.08506084078099	1.8	1.0
3317.7599999999998	0.020707291852259984	68.7912	53.600128084109876	1.8	1.0
3745.439999999999	0.020177750351105302	75.6604	63.29807043579904	1.8	1.0
4199.04	0.021274653477821783	89.1366	79.32686923635052	1.8	1.0
4678.5599999999995	0.02045618903111542	95.9182	90.6034050203491	1.8	1.0
5183.999999999999	0.019963554413341314	103.4166	102.9093947107677	1.8	1.0
10.240000000000002	0.043624656346015374	0.4492	-0.5694338090867263	1.6	1.0
40.96000000000001	0.02773879644447502	1.1362	-0.9043645173266451	1.6	1.0
92.16	0.023019689871596492	2.117	-1.1618534371948699	1.6	1.0
163.84000000000003	0.02027326892738515	3.3208	-1.1558489797236726	1.6	1.0
256.0	0.019428117699415975	5.0148	-0.9527043067884621	1.6	1.0
368.64	0.018402523844834647	6.8678	-0.3800149399587318	1.6	1.0
501.76	0.018278863279566303	9.1424	0.5842900018718807	1.6	1.0
655.3600000000001	0.01769620865654183	11.6088	1.9802508615440526	1.6	1.0
829.4399999999999	0.0180388094459444	14.9514	4.010539941243999	1.6	1.0
1024.0	0.01776914759996696	18.1956	6.539992799432625	1.6	1.0
1239.0400000000002	0.017788125782045378	22.1746	9.88364942392723	1.6	1.0
1474.56	0.017384154847293498	25.6286	13.294671193546886	1.6	1.0
1730.5600000000002	0.016860430209355626	29.1726	17.329811326031116	1.6	1.0
2007.04	0.01650775390622167	32.9806	21.81704474544357	1.6	1.0
2304.0	0.01629944126091213	37.5342	27.228694334975533	1.6	1.0
2621.4400000000005	0.016443151595816292	43.0948	33.9559377868611	1.6	1.0
2959.3599999999997	0.015857071014746767	47.1506	39.87120211799555	1.6	1.0
3317.7599999999998	0.015544793770656096	51.717	46.570537081544806	1.6	1.0
3696.64	0.015357810293820946	56.6446	53.82884879213059	1.6	1.0
4096.0	0.014641189529239117	60.0746	60.21253745937923	1.6	1.0
16.0	0.03737918006771218	0.6038	-0.8088334597750849	2.0	1.0
64.0	0.0264893271750439	1.6764	-1.4795924197746855	2.0	1.0
143.99999999999997	0.021996351741898276	3.182	-1.944009497667244	2.0	1.0
256.0	0.021666579371993545	5.5452	-2.3139222813241007	2.0	1.0
399.99999999999994	0.021192073768166127	8.5478	-2.162657571818302	2.0	1.0
575.9999999999999	0.021285509240123825	12.2946	-1.3120026245254548	2.0	1.0
783.9999999999998	0.02228824329720003	17.4842	0.29104264491495846	2.0	1.0
1024.0	0.023105378678235464	23.7256	3.158639085415774	2.0	1.0
1295.9999999999998	0.024179316785706288	31.405	7.381318693757488	2.0	1.0
1599.9999999999998	0.025055990908196657	40.006	13.111473084983299	2.0	1.0
1936.0	0.025122810073566045	48.6228	20.27788272769354	2.0	1.0
2303.9999999999995	0.02585764954754539	59.5118	29.5294131498619	2.0	1.0
2703.9999999999995	0.025995809465211142	70.2376	40.23919592249946	2.0	1.0
3135.999999999999	0.027493177858774715	86.328	55.584001190709046	2.0	1.0
3599.999999999999	0.028016604118099066	100.667	71.42597897569757	2.0	1.0
4096.0	0.029481012038300423	120.4974	92.76559613688102	2.0	1.0
4623.999999999998	0.028573653427084407	132.249	110.05142433524429	2.0	1.0
5183.999999999999	0.029420274933259303	152.5822	135.36173996663064	2.0	1.0
5775.999999999999	0.029054051676779397	167.8432	157.64578949218793	2.0	1.0
6399.999999999999	0.029667207544910156	189.813	187.65008522442352	2.0	1.0
19.360000000000003	0.03588921450836921	0.6944	-0.9545703301481663	2.2	1.0
77.44000000000001	0.025209492197717297	1.951	-1.7661648240426846	2.2	1.0
174.23999999999998	0.022562385310060995	3.9432	-2.5332778575747934	2.2	1.0
309.76000000000005	0.02149673804291871	6.6864	-2.985371090028865	2.2	1.0
484.0	0.022749595293803087	10.9834	-3.0592176861711264	2.2	1.0
696.9599999999999	0.02430608246008191	16.95	-2.2119896915254302	2.2	1.0
948.6399999999998	0.025254454233640207	23.979	-0.0028056595994742856	2.2	1.0
1239.0400000000002	0.026526561283600984	32.9216	3.8811311828434243	2.2	1.0
1568.16	0.02825557796570833	44.3628	9.879205920520176	2.2	1.0
1936.0	0.030628676791209203	59.4736	19.052588249842074	2.2	1.0
2342.5600000000004	0.03291144990920168	77.3614	31.73622618058016	2.2	1.0
2787.8399999999997	0.034155484579453235	95.4686	46.93881901765241	2.2	1.0
3271.84	0.036242310758592404	118.4024	67.0667622967725	2.2	1.0
3794.559999999999	0.03776840560078423	143.0376	91.22550356599344	2.2	1.0
4356.0	0.04059214663096953	176.5608	124.20776420837485	2.2	1.0
4956.160000000001	0.040733801307629006	201.8294	154.99025660257638	2.2	1.0
5595.039999999999	0.04374363863722447	245.2008	202.97031689733436	2.2	1.0
6272.64	0.0448978835928833	281.7632	248.94755936366474	2.2	1.0
6988.959999999999	0.04572529725060452	319.803	299.2740837878422	2.2	1.0
7744.0	0.0461163816089644	357.072	352.31934437385945	2.2	1.0
23.04	0.03303609090283482	0.7702	-1.0705647277849413	2.4	1.0
92.16	0.02418287056454036	2.2114	-2.06680354905069	2.4	1.0
207.35999999999996	0.0232657489980573	4.8092	-3.243675925000925	2.4	1.0
368.64	0.02285564330937124	8.4198	-3.9438806051208797	2.4	1.0
575.9999999999999	0.02416571593850295	13.8554	-4.1395108988524525	2.4	1.0
829.4399999999998	0.026383364495299814	21.8118	-3.23500066393409	2.4	1.0
1128.9599999999996	0.02870675701465643	32.4264	-0.43690661476776865	2.4	1.0
1474.56	0.032054936014301406	47.2434	4.99942092055029	2.4	1.0
1866.2399999999998	0.03412161580063608	63.599	13.56065314968524	2.4	1.0
2303.9999999999995	0.03851864961834958	88.8222	27.61697136914662	2.4	1.0
2787.8399999999997	0.040723573935790555	113.2574	45.52544321671212	2.4	1.0
3317.7599999999993	0.04564819243063032	151.5256	73.50704340365883	2.4	1.0
3893.7599999999998	0.049416078215997986	192.2716	108.04331115188317	2.4	1.0
4515.839999999998	0.0533249440573574	240.8714	152.68073592845434	2.4	1.0
5183.999999999998	0.058299840496263765	302.5024	212.2093324307081	2.4	1.0
5898.24	0.06299641732474384	371.7364	284.19897828819586	2.4	1.0
6658.559999999998	0.06702345565187076	446.3712	368.0068882219873	2.4	1.0
7464.959999999999	0.06866268535118979	512.0362	450.48030788469293	2.4	1.0
8317.439999999997	0.07206128108586232	599.316	559.7726430081709	2.4	1.0
9215.999999999998	0.07696590057641803	709.2544	698.2145988083374	2.4	1.0
27.040000000000003	0.030915232406854034	0.8444	-1.1721797301294625	2.6	1.0
108.16000000000001	0.023700945199914968	2.5958	-2.505139773729629	2.6	1.0
243.35999999999999	0.023207747585777573	5.688	-3.9875831846752394	2.6	1.0
432.64000000000004	0.023986505975158882	10.4158	-5.074153487832729	2.6	1.0
675.9999999999999	0.026880166369860375	18.2572	-5.630377987169197	2.6	1.0
973.4399999999999	0.028751715144326256	27.9808	-4.430114864744959	2.6	1.0
1324.9599999999996	0.03261186219071049	43.347	-0.9388123464487237	2.6	1.0
1730.5600000000002	0.0378612933444285	65.3542	6.289421364264984	2.6	1.0
2190.24	0.04262840725685219	93.4992	19.403288978011673	2.6	1.0
2703.9999999999995	0.048719554495434324	132.0394	40.42664026715507	2.6	1.0
3271.84	0.054481165004570155	178.1174	70.63433831404565	2.6	1.0
3893.7599999999998	0.06382874737913576	248.4114	119.23954742001479	2.6	1.0
4569.76	0.07191016767167727	328.3	183.09825724221957	2.6	1.0
5299.839999999998	0.08008269655944218	424.5304	267.79805356140355	2.6	1.0
6083.999999999999	0.08921995369530247	542.7366	378.88189985178263	2.6	1.0
6922.240000000001	0.09869071475466781	683.2958	520.8462120610399	2.6	1.0
7814.559999999999	0.10431392465334727	815.6586	671.0567728962964	2.6	1.0
8760.96	0.11088891665158107	972.4892	855.0084806366036	2.6	1.0
9761.439999999999	0.1228405243120484	1198.1132	1116.864895043381	2.6	1.0
10815.999999999998	0.13198628119863387	1427.2558	1403.5645558166977	2.6	1.0
31.36	0.03203731974151434	1.0134	-1.4671273050430769	2.8	1.0
125.44	0.024289663696599177	3.0648	-3.0266487463594376	2.8	1.0
282.2399999999999	0.023797834270379282	6.7302	-4.877849425910678	2.8	1.0
501.76	0.02577609621995648	12.9342	-6.548371128319102	2.8	1.0
783.9999999999998	0.029068572173454328	22.8356	-7.453336814806168	2.8	1.0
1128.9599999999996	0.03266675666199732	36.8946	-6.284302336646447	2.8	1.0
1536.6399999999992	0.03881874147117733	59.7282	-1.9162355972346894	2.8	1.0
2007.04	0.04469159584945588	89.36	7.922795800215489	2.8	1.0
2540.1599999999994	0.05269100991567961	133.951	26.850555629469767	2.8	1.0
3135.999999999999	0.06319489292058965	198.0634	59.52160464217451	2.8	1.0
3794.559999999999	0.07497764947896202	284.162	111.450091124927	2.8	1.0
4515.839999999998	0.0874911044679734	395.1048	188.5613230029056	2.8	1.0
5299.839999999998	0.10205246087004267	540.7908	300.74944020660627	2.8	1.0
6146.559999999997	0.1175403919597537	722.1088	453.97553360323764	2.8	1.0
7055.999999999997	0.13955733738511122	984.9324	687.1856196414253	2.8	1.0
8028.16	0.15207321675271124	1220.8434	929.0634919912217	2.8	1.0
9063.039999999995	0.17578346619186516	1592.526	1307.0153582975508	2.8	1.0
10160.639999999998	0.18903139354454487	1920.7212	1686.7241273865156	2.8	1.0
11320.959999999995	0.21694675048849157	2456.3296	2288.656196435599	2.8	1.0
12543.999999999996	0.23533478067423885	2950.6412	2898.794921660829	2.8	1.0
36.0	0.030118722704918485	1.084	-1.5856074423348123	3.0	1.0
144.0	0.024567114780605828	3.5354	-3.60247109307485	3.0	1.0
323.9999999999999	0.024272859454701395	7.8246	-5.809870767762699	3.0	1.0
576.0	0.026938781563866927	15.593	-8.050315806419487	3.0	1.0
899.9999999999998	0.031390055371711335	28.2584	-9.55187160054922	3.0	1.0
1295.9999999999995	0.03741808453780636	48.5518	-8.64417226341798	3.0	1.0
1763.9999999999993	0.044929974808374046	79.149	-3.2172428798566886	3.0	1.0
2304.0	0.05411145936590657	124.9668	10.669054265172633	3.0	1.0
2916.0	0.06806953313005551	198.2144	38.75099391708295	3.0	1.0
3599.999999999999	0.08185875313633535	294.941	88.22224163890455	3.0	1.0
4356.0	0.09795988203149907	427.1016	167.19305608539733	3.0	1.0
5183.999999999998	0.12535220183761997	650.0042	309.18807849778165	3.0	1.0
6083.999999999999	0.1482923129832627	902.6658	500.4257764220898	3.0	1.0
7055.999999999997	0.1761601328537236	1242.988	779.8056827457925	3.0	1.0
8099.999999999998	0.21198794534689533	1716.417	1194.0791203021029	3.0	1.0
9216.0	0.2512022690643618	2316.1	1760.657772579584	3.0	1.0
10403.999999999996	0.296201154376554	3081.98	2528.141675150884	3.0	1.0
11664.0	0.3383401614898405	3947.0568	3462.511797071565	3.0	1.0
12995.999999999998	0.3926076075351235	5102.3252	4752.015584699713	3.0	1.0
14399.999999999996	0.44145583809587297	6355.3728	6243.279893918621	3.0	1.0
7.84	0.0491187178665001	0.39	-0.43472708556320305	1.4	1.5
31.36	0.02911931068374526	0.8982	-0.5452699115839885	1.4	1.5
70.55999999999997	0.022787608750245866	1.6148	-0.5067775210133231	1.4	1.5
125.44	0.019381865374311448	2.3918	-0.30009607347690265	1.4	1.5
195.99999999999994	0.01758977053622559	3.5038	0.16182183861402305	1.4	1.5
282.2399999999999	0.016558403028923706	4.647	0.8251457860625622	1.4	1.5
384.1599999999998	0.016304278108233438	6.2566	1.84990624462894	1.4	1.5
501.76	0.014734763764471814	7.3954	2.994200106844186	1.4	1.5
635.0399999999998	0.014377468812937343	9.1298	4.549357529532287	1.4	1.5
783.9999999999998	0.013773638635813637	10.7958	6.3320360933140485	1.4	1.5
948.6399999999998	0.013581114615509498	12.8758	8.598475357701455	1.4	1.5
1128.9599999999996	0.012848410713124567	14.5108	10.834143598362257	1.4	1.5
1324.9599999999996	0.01270875773375386	16.943	13.896157869795564	1.4	1.5
1536.6399999999992	0.01232281186502148	18.96	16.736465063394533	1.4	1.5
1763.9999999999993	0.011885783272596963	21.0556	19.966369949026163	1.4	1.5
2007.04	0.01138113838892282	22.7126	22.80627482905553	1.4	1.5
2265.759999999999	0.011224386866440715	25.476	27.105030118767488	1.4	1.5
2540.1599999999994	0.011091893247707168	28.2118	31.463710613531923	1.4	1.5
2830.239999999999	0.010734504340363408	30.3608	35.41902723063613	1.4	1.5
3135.999999999999	0.010246365999306286	32.0972	39.00645495249199	1.4	1.5
10.240000000000002	0.041248183166418144	0.4258	-0.48653277528786676	1.6	1.5
40.96000000000001	0.028045015711803352	1.1352	-0.7255428225275766	1.6	1.5
92.16	0.022496705211112758	2.076	-0.749401314945324	1.6	1.5
163.84000000000003	0.01974900382088388	3.248	-0.49656280624335214	1.6	1.5
256.0	0.01809087163602503	4.7146	0.06572369599934008	1.6	1.5
368.64	0.018071753175806737	6.7136	0.9785481348711508	1.6	1.5
501.76	0.01685522461427619	8.4626	2.2657825891213217	1.6	1.5
655.3600000000001	0.01683586830684694	11.038	4.135952644270154	1.6	1.5
829.4399999999999	0.016055315439491354	13.3034	6.306043363762284	1.6	1.5
1024.0	0.01570138883364138	16.1126	9.164676196279073	1.6	1.5
1239.0400000000002	0.015436224144717937	19.002	12.26398092419005	1.6	1.5
1474.56	0.015434860445910296	22.6312	16.40632991504023	1.6	1.5
1730.5600000000002	0.015398561728968753	26.702	21.39297467999539	1.6	1.5
2007.04	0.01511442086119131	30.1824	26.167629292861307	1.6	1.5
2304.0	0.014781710347215482	34.0544	31.70352389637414	1.6	1.5
2621.4400000000005	0.015055775532432272	39.4466	39.11639256368407	1.6	1.5
2959.3599999999997	0.014599269079035087	43.1916	45.29477366369583	1.6	1.5
3317.7599999999998	0.014036892524917646	46.4742	51.232172001555966	1.6	1.5
3696.64	0.01383950873169334	51.1638	59.14089217157269	1.6	1.5
4096.0	0.013562768993584464	55.3964	66.6511619438399	1.6	1.5
12.959999999999999	0.040206058289982735	0.5144	-0.598980867070826	1.8	1.5
51.839999999999996	0.02610419234225414	1.3542	-0.9041826650104101	1.8	1.5
116.63999999999999	0.022054446942129432	2.5272	-0.9981023355056208	1.8	1.5
207.35999999999999	0.020503381128696953	4.2528	-0.8021417447390917	1.8	1.5
323.99999999999994	0.01926241938730049	6.2164	-0.1645281899445378	1.8	1.5
466.55999999999995	0.01887468818519326	8.8026	1.0581728064352653	1.8	1.5
635.0399999999998	0.01911075475465394	12.1944	2.9797767701048246	1.8	1.5
829.4399999999999	0.018950134713925735	15.6478	5.5037219430580695	1.8	1.5
1049.76	0.01943258854396009	20.3744	9.264512357055445	1.8	1.5
1295.9999999999998	0.019446569089461515	25.2598	13.783256338734194	1.8	1.5
1568.16	0.019438910407005076	30.556	19.40815827701227	1.8	1.5
1866.2399999999998	0.019228560643351055	35.7926	25.487069167872548	1.8	1.5
2190.24	0.01955892704432448	42.7518	33.506549324286986	1.8	1.5
2540.1599999999994	0.019746216744319513	50.0944	42.775305881396925	1.8	1.5
2916.0	0.019916374610778425	58.0118	53.429190857182654	1.8	1.5
3317.7599999999998	0.019604554686774956	65.0122	63.92971475070232	1.8	1.5
3745.439999999999	0.019442149971536666	72.8374	75.79079364042299	1.8	1.5
4199.04	0.019677964102909833	82.7294	90.69466536199612	1.8	1.5
4678.5599999999995	0.01938396316038484	90.6558	103.94075780294807	1.8	1.5
5183.999999999999	0.01902252822149911	98.6378	118.1240001172293	1.8	1.5
16.0	0.03882968380667018	0.6284	-0.7512130439692117	2.0	1.5
64.0	0.025141757642740244	1.5834	-1.1146692255096398	2.0	1.5
143.99999999999997	0.02209903212601012	3.1892	-1.3292254550931886	2.0	1.5
256.0	0.020710574710772464	5.3304	-1.1417292484199155	2.0	1.5
399.99999999999994	0.020310247966622914	8.07	-0.4071642197828958	2.0	1.5
575.9999999999999	0.020472640712033505	11.7444	1.1357615632052704	2.0	1.5
783.9999999999998	0.020813766363182926	16.3332	3.6232182522205467	2.0	1.5
1024.0	0.021721878782834318	22.2258	7.474944054464699	2.0	1.5
1295.9999999999998	0.02238338376992282	28.9844	12.671961574214556	2.0	1.5
1599.9999999999998	0.024113601438389535	38.497	20.531504576977632	2.0	1.5
1936.0	0.02393749320160046	46.3712	28.842500922049215	2.0	1.5
2303.9999999999995	0.025319087288175834	58.3322	40.95956344795084	2.0	1.5
2703.9999999999995	0.026576702298512056	71.6694	55.54163607481795	2.0	1.5
3135.999999999999	0.02679388913041858	84.0166	71.16943240902157	2.0	1.5
3599.999999999999	0.026813414938551473	96.588	88.19567789048212	2.0	1.5
4096.0	0.028279646686142725	115.9586	113.17094011737441	2.0	1.5
4623.999999999998	0.028116582013718396	130.0286	134.50091363254288	2.0	1.5
5183.999999999999	0.02865783836471139	148.577	161.90734842848806	2.0	1.5
5775.999999999999	0.02815622761816769	162.7442	185.92461766691437	2.0	1.5
6399.999999999999	0.029890481293402524	191.1128	227.7504497683851	2.0	1.5
19.360000000000003	0.03574050939521858	0.683	-0.8298681944679478	2.2	1.5
77.44000000000001	0.025020929651614208	1.9538	-1.4236642821350765	2.2	1.5
174.23999999999998	0.022382883239312052	3.8654	-1.7734247456016554	2.2	1.5
309.76000000000005	0.021256732549587178	6.5602	-1.6227452210784468	2.2	1.5
484.0	0.021793017013137725	10.5284	-0.7581947786600218	2.2	1.5
696.9599999999999	0.02282075899793003	15.8228	1.1557148576241165	2.2	1.5
948.6399999999998	0.024243772978718554	23.035	4.782560267466389	2.2	1.5
1239.0400000000002	0.02547038639335784	31.4396	10.025410373844968	2.2	1.5
1568.16	0.02740288222837781	43.008	18.34051284635411	2.2	1.5
1936.0	0.03007087955597581	58.1886	30.40729276896348	2.2	1.5
2342.5600000000004	0.03094741811337594	72.5742	44.403926789118564	2.2	1.5
2787.8399999999997	0.034456224738901774	96.1684	66.71344279368529	2.2	1.5
3271.84	0.03527028571416617	115.73	89.20295620093079	2.2	1.5
3794.559999999999	0.03770790426281641	143.4072	120.62552551722005	2.2	1.5
4356.0	0.03910479476944937	170.436	154.5919623757698	2.2	1.5
4956.160000000001	0.041087710062453466	203.3196	197.18863252546416	2.2	1.5
5595.039999999999	0.04199010538962355	234.8394	241.81615619810242	2.2	1.5
6272.64	0.043473669697363895	272.3124	295.3636073796732	2.2	1.5
6988.959999999999	0.04470640006296875	312.2984	355.58332530907177	2.2	1.5
7744.0	0.04486519135570352	346.876	412.39058587447664	2.2	1.5
23.04	0.03404842032955883	0.7866	-0.9771305636408588	2.4	1.5
92.16	0.024093209156799203	2.1992	-1.6707470211509954	2.4	1.5
207.35999999999996	0.022308890463046196	4.5922	-2.179620145877117	2.4	1.5
368.64	0.022578975262890436	8.3254	-2.178154051783787	2.4	1.5
575.9999999999999	0.024135378237799397	13.982	-1.2741594714509406	2.4	1.5
829.4399999999998	0.024678877233125614	20.5072	1.2062623124954337	2.4	1.5
1128.9599999999996	0.027816496156526142	31.3858	6.003465245527957	2.4	1.5
1474.56	0.030491841850146886	44.9626	13.919931640090377	2.4	1.5
1866.2399999999998	0.0340362763858484	63.6018	26.54815362364775	2.4	1.5
2303.9999999999995	0.03658570239812444	84.2524	43.42849361910006	2.4	1.5
2787.8399999999997	0.040819352096835154	113.8692	68.89812511629377	2.4	1.5
3317.7599999999993	0.04517310301760891	149.857	103.14857670302713	2.4	1.5
3893.7599999999998	0.049767225208165004	194.0454	148.4473373050659	2.4	1.5
4515.839999999998	0.05369841736937867	242.4992	202.8856798108929	2.4	1.5
5183.999999999998	0.05736620826362439	297.7966	269.40633908726255	2.4	1.5
5898.24	0.06049451678889018	356.8858	345.1986458912703	2.4	1.5
6658.559999999998	0.06365086385152242	423.9438	435.3628607062904	2.4	1.5
7464.959999999999	0.06843903365997171	510.719	553.35227404241	2.4	1.5
8317.439999999997	0.07127491517213959	592.8648	673.7161748681527	2.4	1.5
9215.999999999998	0.07644532375657812	704.497	836.1468458357893	2.4	1.5
27.040000000000003	0.030208657250069285	0.828	-1.0375184474681576	2.6	1.5
108.16000000000001	0.024514428205673695	2.6564	-2.0778627260998497	2.6	1.5
243.35999999999999	0.02291195940632611	5.6008	-2.774395468921832	2.6	1.5
432.64000000000004	0.023392632018263363	10.1466	-2.882770494046798	2.6	1.5
675.9999999999999	0.025351488287107905	17.2016	-1.7991297053699002	2.6	1.5
973.4399999999999	0.02850632393463361	27.6546	1.2329886523662705	2.6	1.5
1324.9599999999996	0.03186665021526011	42.2322	7.665117715787923	2.6	1.5
1730.5600000000002	0.036163634822535956	62.6482	18.903422034589845	2.6	1.5
2190.24	0.042276475150166345	92.614	37.93437943397661	2.6	1.5
2703.9999999999995	0.046769525961670846	126.464	64.31272083192579	2.6	1.5
3271.84	0.053562764822844125	175.2296	104.9795739995752	2.6	1.5
3893.7599999999998	0.059821691256241386	232.9582	159.2180762410013	2.6	1.5
4569.76	0.06827843989590754	312.2356	237.67761500994732	2.6	1.5
5299.839999999998	0.07849236688805572	416.5992	347.53248206015627	2.6	1.5
6083.999999999999	0.08486469781243151	516.1408	465.2827228092029	2.6	1.5
6922.240000000001	0.09879557972904174	683.7622	659.8210732930783	2.6	1.5
7814.559999999999	0.10587043842495934	827.5262	848.132870257343	2.6	1.5
8760.96	0.1130801155822571	990.7098	1071.8015903227126	2.6	1.5
9761.439999999999	0.1241279844166649	1211.9006	1375.7855291498618	2.6	1.5
10815.999999999998	0.13060798730624604	1412.069	1675.043074521316	2.6	1.5
31.36	0.03166338600135212	0.9776	-1.2621412602720985	2.8	1.5
125.44	0.023109208414588057	2.8618	-2.3044639154635456	2.8	1.5
282.2399999999999	0.023401217802188977	6.5286	-3.410024308445279	2.8	1.5
501.76	0.025139706213729393	12.652	-3.8221503657013667	2.8	1.5
783.9999999999998	0.02788330792011423	21.827	-2.5854519469160855	2.8	1.5
1128.9599999999996	0.03159737215220429	35.7212	1.2249218831859499	2.8	1.5
1536.6399999999992	0.03660065992583765	56.227	9.561954069176737	2.8	1.5
2007.04	0.044068072896669266	88.4096	25.952977066183212	2.8	1.5
2540.1599999999994	0.051623946060124465	131.2622	53.1727845844271	2.8	1.5
3135.999999999999	0.06140829113899591	192.582	96.93012986309401	2.8	1.5
3794.559999999999	0.07276927405040114	276.3094	164.6716123430903	2.8	1.5
4515.839999999998	0.08774277928699743	396.2528	269.7179318367533	2.8	1.5
5299.839999999998	0.09983631962064568	529.3428	401.52664647432584	2.8	1.5
6146.559999999997	0.11608589663443893	713.3774	592.942008242518	2.8	1.5
7055.999999999997	0.1310407756103154	924.5232	831.8512196968293	2.8	1.5
8028.16	0.1542898305291341	1239.99	1195.6732386101605	2.8	1.5
9063.039999999995	0.17324647645296412	1569.2006	1605.9215233954617	2.8	1.5
10160.639999999998	0.19710279092083305	2002.717	2164.116985482029	2.8	1.5
11320.959999999995	0.21949896767790683	2485.1578	2819.3180527743257	2.8	1.5
12543.999999999996	0.2305530070243333	2891.8492	3428.3737639667193	2.8	1.5
36.0	0.02916984142098297	1.0592	-1.3699911366957747	3.0	1.5
144.0	0.023918351055995227	3.486	-2.8624105605638572	3.0	1.5
323.9999999999999	0.02383174253777214	7.7198	-4.124213168679113	3.0	1.5
576.0	0.026539366316322907	15.2586	-4.865954721877909	3.0	1.5
899.9999999999998	0.02997903356742545	26.962	-3.6164138019530307	3.0	1.5
1295.9999999999995	0.03590025482586701	46.6102	1.2246606568234073	3.0	1.5
1763.9999999999993	0.04351131585959366	76.5246	12.480120366056262	3.0	1.5
2304.0	0.05441623770421698	125.731	36.258203980127554	3.0	1.5
2916.0	0.06805539078470076	198.3904	79.13926667810914	3.0	1.5
3599.999999999999	0.07927128858303516	285.382	142.81783737050156	3.0	1.5
4356.0	0.10133221550947799	441.4936	262.11616952243	3.0	1.5
5183.999999999998	0.12055003717325141	625.178	424.118029065173	3.0	1.5
6083.999999999999	0.14760907031621254	898.4904	680.452551273009	3.0	1.5
7055.999999999997	0.1782302992895914	1258.0152	1044.7046843728592	3.0	1.5
8099.999999999998	0.2101698371435705	1702.2608	1529.8571121839523	3.0	1.5
9216.0	0.2491695341130177	2296.07	2209.9985961420357	3.0	1.5
10403.999999999996	0.29274385791805746	3046.2768	3116.975263610719	3.0	1.5
11664.0	0.3386412881396527	3950.4586	4267.057703855745	3.0	1.5
12995.999999999998	0.3961789644286546	5146.7764	5835.803078852803	3.0	1.5
14399.999999999996	0.4356784680467662	6274.8998	7436.454907647222	3.0	1.5
7.84	0.04624948949496514	0.3648	-0.3814355977856303	1.4	2.0
31.36	0.028700535060186928	0.889	-0.4498744324051436	1.4	2.0
70.55999999999997	0.021815788863704166	1.5536	-0.30767770898680635	1.4	2.0
125.44	0.01867625315711382	2.3532	0.031519370763420304	1.4	2.0
195.99999999999994	0.016621117607692734	3.273	0.5786026305728548	1.4	2.0
282.2399999999999	0.015319083081791782	4.313	1.3879736452439226	1.4	2.0
384.1599999999998	0.014062087416390066	5.4816	2.446073943201743	1.4	2.0
501.76	0.01327697370987521	6.6634	3.6344550501856565	1.4	2.0
635.0399999999998	0.012780199427156603	8.1786	5.277827055331999	1.4	2.0
783.9999999999998	0.012012663658140086	9.4038	6.915775837499779	1.4	2.0
948.6399999999998	0.011760448012674233	11.0916	9.014113082913978	1.4	2.0
1128.9599999999996	0.011163761665293098	12.592	11.227928518526394	1.4	2.0
1324.9599999999996	0.010592522788961566	13.9864	13.42946584018617	1.4	2.0
1536.6399999999992	0.010231865754528302	15.6464	16.104911633361343	1.4	2.0
1763.9999999999993	0.01007769518886347	17.7868	19.496559595048847	1.4	2.0
2007.04	0.009420613578285658	18.9726	21.929411270721417	1.4	2.0
2265.759999999999	0.009327363656024375	21.1152	25.497056739735406	1.4	2.0
2540.1599999999994	0.008869762540433096	22.6316	28.575957082139123	1.4	2.0
2830.239999999999	0.008673636261419464	24.6292	32.38647178964095	1.4	2.0
3135.999999999999	0.00840658594394589	26.3162	35.7988727302136	1.4	2.0
10.240000000000002	0.04428416832562814	0.4518	-0.4890443115892709	1.6	2.0
40.96000000000001	0.02659325165314733	1.0836	-0.5783006301802527	1.6	2.0
92.16	0.021917402939751616	2.0306	-0.4703665255930114	1.6	2.0
163.84000000000003	0.01879626244390149	3.0774	-0.06998711648907142	1.6	2.0
256.0	0.017495443433734163	4.488	0.659499036448843	1.6	2.0
368.64	0.016168252729144007	5.961	1.709006633655048	1.6	2.0
501.76	0.015110474783396177	7.5884	3.1144971134033983	1.6	2.0
655.3600000000001	0.014764142944383036	9.6774	5.073767478149988	1.6	2.0
829.4399999999999	0.01444514959268431	12.0394	7.512241506970063	1.6	2.0
1024.0	0.013788591513326608	14.054	10.006814850099543	1.6	2.0
1239.0400000000002	0.013254414717737006	16.4838	13.144236594057887	1.6	2.0
1474.56	0.012999979574618936	19.1514	16.703987784600578	1.6	2.0
1730.5600000000002	0.012708063781932804	21.9894	20.81472484570958	1.6	2.0
2007.04	0.012662721835371734	25.3546	25.679455607536767	1.6	2.0
2304.0	0.012390347035911603	28.607	30.91466209598415	1.6	2.0
2621.4400000000005	0.012110147588309196	31.7964	36.26036982290594	1.6	2.0
2959.3599999999997	0.011492425270333766	34.0458	40.723527821729824	1.6	2.0
3317.7599999999998	0.011355901416473167	37.7622	47.273481251371095	1.6	2.0
3696.64	0.011129125444655047	41.1662	53.631177290114344	1.6	2.0
4096.0	0.010641053417975463	43.5618	58.79596854875495	1.6	2.0
12.959999999999999	0.03970553239844813	0.5032	-0.548677686230369	1.8	2.0
51.839999999999996	0.025618778900864596	1.3254	-0.7271887471800693	1.8	2.0
116.63999999999999	0.021646014619035796	2.521	-0.6597045354558836	1.8	2.0
207.35999999999999	0.01910814729035401	3.9514	-0.17921261702931737	1.8	2.0
323.99999999999994	0.017940676711435236	5.7766	0.7040322170687604	1.8	2.0
466.55999999999995	0.017364684683213057	8.0992	2.1239268603038495	1.8	2.0
635.0399999999998	0.016702847999419602	10.5526	4.102761733377284	1.8	2.0
829.4399999999999	0.01670309350453502	13.927	7.035918380875864	1.8	2.0
1049.76	0.01694752878202715	17.7102	10.611123203152111	1.8	2.0
1295.9999999999998	0.016290267133778052	21.0688	14.624783216438146	1.8	2.0
1568.16	0.01614543344048392	25.2464	19.651429985826702	1.8	2.0
1866.2399999999998	0.016169968978038317	30.2064	25.939246266383403	1.8	2.0
2190.24	0.016255739178563003	35.5056	33.011508839257615	1.8	2.0
2540.1599999999994	0.01641389873664324	41.6822	41.82940547834374	1.8	2.0
2916.0	0.01618809801769143	47.218	50.42105143362962	1.8	2.0
3317.7599999999998	0.01548384658184419	51.5402	58.18785878852485	1.8	2.0
3745.439999999999	0.015724814685819162	58.9514	69.99437598238818	1.8	2.0
4199.04	0.01578920998039845	66.3588	82.24015845674657	1.8	2.0
4678.5599999999995	0.015252111558121393	71.2628	92.03096219064778	1.8	2.0
5183.999999999999	0.015129420822978901	78.3452	105.26164513674637	1.8	2.0
16.0	0.03705987937559796	0.6024	-0.6614462709929876	2.0	2.0
64.0	0.025114768768896158	1.5958	-0.9239797697173195	2.0	2.0
143.99999999999997	0.020396591272933463	2.9322	-0.8280415549051536	2.0	2.0
256.0	0.019306167264302183	4.9198	-0.37264393253717537	2.0	2.0
399.99999999999994	0.019226605976131718	7.697	0.727520665403828	2.0	2.0
575.9999999999999	0.01909869163288428	11.0264	2.6973734222544437	2.0	2.0
783.9999999999998	0.019272083468089188	15.1766	5.641569485724216	2.0	2.0
1024.0	0.01897136199538258	19.4354	9.39476578059117	2.0	2.0
1295.9999999999998	0.02009926535667859	25.9564	15.193707110297138	2.0	2.0
1599.9999999999998	0.020913332775595646	33.4544	22.64668982995739	2.0	2.0
1936.0	0.021384363030236726	41.4908	31.880466640638065	2.0	2.0
2303.9999999999995	0.021365342236336033	49.1248	41.66115570112274	2.0	2.0
2703.9999999999995	0.021990233229393225	59.4786	54.885402684998176	2.0	2.0
3135.999999999999	0.02247813014780463	70.5052	69.98959347028823	2.0	2.0
3599.999999999999	0.022489038135378198	81.1602	85.92994570802466	2.0	2.0
4096.0	0.022924368077566575	93.874	105.15987292543717	2.0	2.0
4623.999999999998	0.02286574610549924	105.6536	124.51185642910478	2.0	2.0
5183.999999999999	0.02282306900915324	118.3914	146.1694064066655	2.0	2.0
5775.999999999999	0.022912560494160718	132.2872	170.12836054777003	2.0	2.0
6399.999999999999	0.022722656180588472	145.3572	194.223007003777	2.0	2.0
19.360000000000003	0.033311042081149975	0.6598	-0.7238487809202994	2.2	2.0
77.44000000000001	0.023616918395827437	1.845	-1.0969795495911971	2.2	2.0
174.23999999999998	0.020851803169438635	3.5988	-1.1475421959839818	2.2	2.0
309.76000000000005	0.020650287211043537	6.4168	-0.650399280826001	2.2	2.0
484.0	0.020694001114112317	9.977	0.7399380755882199	2.2	2.0
696.9599999999999	0.021012309085186344	14.6434	3.248074093813454	2.2	2.0
948.6399999999998	0.022387917803132863	21.2248	7.455339419858909	2.2	2.0
1239.0400000000002	0.023881880287724595	29.7018	13.96729130909644	2.2	2.0
1568.16	0.025302631093091763	39.7658	22.80133382961563	2.2	2.0
1936.0	0.026631034631189196	51.6236	34.621697100346545	2.2	2.0
2342.5600000000004	0.02706318656995002	63.4588	48.10054202932091	2.2	2.0
2787.8399999999997	0.028871916352016285	80.5046	67.40733007041175	2.2	2.0
3271.84	0.029935985907924862	97.879	89.48261494723073	2.2	2.0
3794.559999999999	0.030728671637147074	116.6022	114.97319512196395	2.2	2.0
4356.0	0.033013495780248425	143.977	151.7053362144812	2.2	2.0
4956.160000000001	0.034452595895819574	170.6404	190.3481516832788	2.2	2.0
5595.039999999999	0.035690058365572624	199.6916	234.41828391956733	2.2	2.0
6272.64	0.03542935597909659	221.9788	272.9153448540826	2.2	2.0
6988.959999999999	0.03687369806838004	257.3806	330.09908818328216	2.2	2.0
7744.0	0.036301749494449885	281.2832	375.1824619494036	2.2	2.0
23.04	0.03315369262588989	0.7964	-0.8891675825951183	2.4	2.0
92.16	0.02411363261134487	2.2274	-1.381225274531935	2.4	2.0
207.35999999999996	0.021854332401819953	4.556	-1.5122963865054448	2.4	2.0
368.64	0.021328807744283258	7.8442	-0.9377350300069431	2.4	2.0
575.9999999999999	0.022242673407821534	12.7662	0.6999051680328382	2.4	2.0
829.4399999999998	0.02394493671037502	19.8374	4.0284929874847695	2.4	2.0
1128.9599999999996	0.025956653472205153	29.3086	9.869449127833814	2.4	2.0
1474.56	0.0286646028727911	42.0728	19.099458676881817	2.4	2.0
1866.2399999999998	0.03129567904711227	58.3928	32.90041496415	2.4	2.0
2303.9999999999995	0.03393359332243577	78.1544	51.52152639986056	2.4	2.0
2787.8399999999997	0.03799993679769833	106.002	79.47485909986945	2.4	2.0
3317.7599999999993	0.0399218281742739	132.126	109.79365222462215	2.4	2.0
3893.7599999999998	0.04386752701487868	171.1302	155.7056475895973	2.4	2.0
4515.839999999998	0.04647645555380011	209.596	205.53062185853938	2.4	2.0
5183.999999999998	0.050143627905561435	260.3666	273.171955332095	2.4	2.0
5898.24	0.053064184287671706	313.007	347.63556847665905	2.4	2.0
6658.559999999998	0.05598837626842478	372.3084	435.7137273022382	2.4	2.0
7464.959999999999	0.058558914684909175	436.78	535.8063727776519	2.4	2.0
8317.439999999997	0.06047986722064759	503.2292	644.3609004427003	2.4	2.0
9215.999999999998	0.06155785841062457	567.0092	754.663481434067	2.4	2.0
27.040000000000003	0.03221206367835842	0.8604	-0.9850433692862216	2.6	2.0
108.16000000000001	0.023598547830494313	2.5456	-1.6508270464954362	2.6	2.0
243.35999999999999	0.02178286709777721	5.3102	-1.881282786462254	2.6	2.0
432.64000000000004	0.022669389900725912	9.7936	-1.376130259189792	2.6	2.0
675.9999999999999	0.024407450122741533	16.5176	0.6287713931320613	2.6	2.0
973.4399999999999	0.026859214025550675	26.2072	5.068010013342144	2.6	2.0
1324.9599999999996	0.03073586182380971	40.6878	13.21378968245757	2.6	2.0
1730.5600000000002	0.0344566482615404	59.5948	26.527239758424134	2.6	2.0
2190.24	0.03837788200530686	84.1432	46.7461701739124	2.6	2.0
2703.9999999999995	0.04388723707385768	118.6292	77.33011508712812	2.6	2.0
3271.84	0.049584966405822654	162.1638	120.64841029764689	2.6	2.0
3893.7599999999998	0.05678092666449511	221.5758	183.72093185027745	2.6	2.0
4569.76	0.06392172377581005	291.7774	264.0705386711326	2.6	2.0
5299.839999999998	0.0723903856082905	383.6678	375.1393093257626	2.6	2.0
6083.999999999999	0.08036036466247455	488.8754	510.9433027875563	2.6	2.0
6922.240000000001	0.08692711531717115	601.9238	667.6716492564819	2.6	2.0
7814.559999999999	0.09217719512572196	720.7878	843.0294837259488	2.6	2.0
8760.96	0.1001167718236208	877.5596	1075.7556709167632	2.6	2.0
9761.439999999999	0.10729039666589875	1046.7884	1338.7032985371545	2.6	2.0
10815.999999999998	0.1119230605566514	1210.7462	1610.5554495125411	2.6	2.0
31.36	0.03127699635399909	0.981	-1.1511771585397685	2.8	2.0
125.44	0.022116522293539123	2.7716	-1.837087072036934	2.8	2.0
282.2399999999999	0.022770315224601524	6.4282	-2.4373237698980987	2.8	2.0
501.76	0.023737080731263478	11.915	-1.8587293100118092	2.8	2.0
783.9999999999998	0.02603622516536548	20.384	0.4356809464394684	2.8	2.0
1128.9599999999996	0.031008009794396156	34.8412	6.183460147733317	2.8	2.0
1536.6399999999992	0.035770263927258426	54.7506	17.23116566596542	2.8	2.0
2007.04	0.04220904987776323	84.5958	37.052879499784	2.8	2.0
2540.1599999999994	0.0493250386969277	125.4592	68.92677674712812	2.8	2.0
3135.999999999999	0.060262395816346306	189.0044	122.47203184434359	2.8	2.0
3794.559999999999	0.06896687789277701	261.827	193.81154847235092	2.8	2.0
4515.839999999998	0.08208650692556975	370.4842	305.2609301604094	2.8	2.0
5299.839999999998	0.09327570379251467	494.5538	446.61595748363146	2.8	2.0
6146.559999999997	0.10672247881766275	655.936	639.8736382495283	2.8	2.0
7055.999999999997	0.12292704889868766	867.5046	905.3916301186364	2.8	2.0
8028.16	0.13784414474790582	1106.3366	1225.2439561207639	2.8	2.0
9063.039999999995	0.1533826274249845	1390.4624	1623.6860272515946	2.8	2.0
10160.639999999998	0.17610658305299898	1788.735	2189.9788765677945	2.8	2.0
11320.959999999995	0.1953540203398553	2212.1952	2828.5079499444264	2.8	2.0
12543.999999999996	0.20670936616037916	2592.7764	3447.244497457275	2.8	2.0
36.0	0.03093382333998851	1.1178	-1.3338171877683398	3.0	2.0
144.0	0.02370893942545612	3.3918	-2.35094115413187	3.0	2.0
323.9999999999999	0.02279358342344261	7.3832	-2.9083097416917147	3.0	2.0
576.0	0.02619527637754951	15.1644	-2.5967123972576647	3.0	2.0
899.9999999999998	0.029652570902578113	26.727	0.27836482359700965	3.0	2.0
1295.9999999999995	0.035611991326703	46.1424	7.908099015970128	3.0	2.0
1763.9999999999993	0.04343493994756552	76.7232	23.69754272099741	3.0	2.0
2304.0	0.052315013935591424	120.6102	52.14518994367622	3.0	2.0
2916.0	0.06584470125974201	191.663	104.03198711922425	3.0	2.0
3599.999999999999	0.07600620649886157	273.2938	176.2107857501603	3.0	2.0
4356.0	0.09681574849194922	421.631	310.74588833599745	3.0	2.0
5183.999999999998	0.11515874681182832	597.1104	490.8422560396891	3.0	2.0
6083.999999999999	0.140915380293371	857.2578	772.1080627426387	3.0	2.0
7055.999999999997	0.16797086132197636	1185.0216	1154.2838688228398	3.0	2.0
8099.999999999998	0.20362016059587323	1649.7574	1720.2939920552708	3.0	2.0
9216.0	0.22939132418016525	2114.7952	2341.0725906825533	3.0	2.0
10403.999999999996	0.2734521188406317	2844.8412	3320.2429757891387	3.0	2.0
11664.0	0.3136034095465897	3657.9328	4477.191815616861	3.0	2.0
12995.999999999998	0.3589026377501797	4663.992	5959.777613503781	3.0	2.0
14399.999999999996	0.40298800672447793	5802.1448	7710.555372886754	3.0	2.0
7.84	0.04654681386836822	0.3708	-0.3651368590724174	1.4	2.5
31.36	0.028766179436395367	0.8874	-0.3845425619286106	1.4	2.5
70.55999999999997	0.021500750386633523	1.5274	-0.16561123499534747	1.4	2.5
125.44	0.018278772388259444	2.2884	0.23427682928026033	1.4	2.5
195.99999999999994	0.01591592558690728	3.1376	0.8592796118316117	1.4	2.5
282.2399999999999	0.014342070764467238	4.0474	1.695421938463496	1.4	2.5
384.1599999999998	0.013323229737323982	5.068	2.7274454540758395	1.4	2.5
501.76	0.012492476024669744	6.2884	4.134369749060005	1.4	2.5
635.0399999999998	0.012191647141730145	7.7502	5.803134914579776	1.4	2.5
783.9999999999998	0.010816582652231102	8.4626	7.147705447442413	1.4	2.5
948.6399999999998	0.010418692575337923	9.8806	9.158178091113074	1.4	2.5
1128.9599999999996	0.009753671169612167	11.0314	11.08364628332056	1.4	2.5
1324.9599999999996	0.009426291508422602	12.479	13.423883591293507	1.4	2.5
1536.6399999999992	0.009147870514263943	14.0286	15.987717501707852	1.4	2.5
1763.9999999999993	0.008750412097687827	15.3146	18.39662614453477	1.4	2.5
2007.04	0.00844145854731539	16.9272	21.394670928308578	1.4	2.5
2265.759999999999	0.008225313095272756	18.6508	24.625221425431686	1.4	2.5
2540.1599999999994	0.007607767887662948	19.3514	26.590846420679615	1.4	2.5
2830.239999999999	0.0076295139250600694	21.5372	30.686238918785744	1.4	2.5
3135.999999999999	0.007180812262120621	22.6028	33.36218609675032	1.4	2.5
12.959999999999999	0.038998954546600365	0.5066	-0.5175130221320319	1.8	2.5
51.839999999999996	0.025577917270446622	1.3166	-0.6111234373418637	1.8	2.5
116.63999999999999	0.020466707263150506	2.3738	-0.3903343171141366	1.8	2.5
207.35999999999999	0.017830789652967582	3.649	0.19353905793189824	1.8	2.5
323.99999999999994	0.01644739564374097	5.312	1.1790803747515113	1.8	2.5
466.55999999999995	0.015579876310493557	7.2548	2.673840915853537	1.8	2.5
635.0399999999998	0.014806816478514933	9.3874	4.705757928894902	1.8	2.5
829.4399999999999	0.014990546945867335	12.3622	7.541585949523168	1.8	2.5
1049.76	0.014067914612183617	14.8632	10.675326985635378	1.8	2.5
1295.9999999999998	0.013881339834959292	17.9428	14.461106338364987	1.8	2.5
1568.16	0.01412319418248593	22.0982	19.68463561412726	1.8	2.5
1866.2399999999998	0.013288835602869236	24.8664	24.122104037525073	1.8	2.5
2190.24	0.013323561904717122	29.1836	30.517600076602573	1.8	2.5
2540.1599999999994	0.012976649349557263	32.8942	36.636841916214834	1.8	2.5
2916.0	0.012912200249479287	37.6282	44.38162384504492	1.8	2.5
3317.7599999999998	0.012436198581285779	41.2512	51.15807049861717	1.8	2.5
3745.439999999999	0.011775443302198306	44.1904	57.42311216665272	1.8	2.5
4199.04	0.011790308964148942	49.5348	67.09900893144236	1.8	2.5
4678.5599999999995	0.011657453428818878	54.544	76.67627754903405	1.8	2.5
5183.999999999999	0.011377669991208183	58.9064	85.6601941066345	1.8	2.5
10.240000000000002	0.042105176696997	0.4318	-0.4263846844979146	1.6	2.5
40.96000000000001	0.02603981488751061	1.078	-0.4737197637743428	1.6	2.5
92.16	0.02116641366372116	1.9428	-0.2660481492868811	1.6	2.5
163.84000000000003	0.01743143517215764	2.8746	0.25008052528695224	1.6	2.5
256.0	0.015922324486885835	4.1262	1.0480560329274482	1.6	2.5
368.64	0.014779017947466517	5.4314	2.110445216490855	1.6	2.5
501.76	0.014185639695525257	7.1214	3.71634959379438	1.6	2.5
655.3600000000001	0.01305249462324944	8.5612	5.408802887552957	1.6	2.5
829.4399999999999	0.01226303714832606	10.28	7.566542221480618	1.6	2.5
1024.0	0.011861990810431452	12.2086	10.092096558088357	1.6	2.5
1239.0400000000002	0.011674307808957216	14.3886	13.027919480299945	1.6	2.5
1474.56	0.0113815812361866	16.6936	16.432571187031577	1.6	2.5
1730.5600000000002	0.010828382758935065	18.7224	19.76737442793849	1.6	2.5
2007.04	0.010695086761051594	21.4954	24.233691732743928	1.6	2.5
2304.0	0.00992553154691452	22.9426	27.425873212625064	1.6	2.5
2621.4400000000005	0.009852440920544839	25.7282	32.14737398212711	1.6	2.5
2959.3599999999997	0.009492732155816388	28.1684	36.93665325237378	1.6	2.5
3317.7599999999998	0.009125442543424121	30.2036	41.10765681507948	1.6	2.5
3696.64	0.00884059052821226	32.7906	46.460715558729916	1.6	2.5
4096.0	0.008706974366759037	35.7428	52.30318561275218	1.6	2.5
16.0	0.03646036687772149	0.5966	-0.6074729282170673	2.0	2.5
64.0	0.024941257048199317	1.5822	-0.77007887311812	2.0	2.5
143.99999999999997	0.0205804614992983	2.929	-0.5734452948076668	2.0	2.5
256.0	0.018332102940558752	4.705	0.1299397976015091	2.0	2.5
399.99999999999994	0.017729958143639608	7.0634	1.4117748843975033	2.0	2.5
575.9999999999999	0.017453128000067104	9.968	3.5099329342487473	2.0	2.5
783.9999999999998	0.016833866782082645	13.231	6.38207164241882	2.0	2.5
1024.0	0.01680963583167743	17.1536	10.194626093775288	2.0	2.5
1295.9999999999998	0.016867770472813612	21.784	15.1944398647606	2.0	2.5
1599.9999999999998	0.01685609532842926	27.0102	21.464295926706466	2.0	2.5
1936.0	0.017637093191882294	34.2414	30.09396366955205	2.0	2.5
2303.9999999999995	0.017094500801299293	39.262	37.65091282843768	2.0	2.5
2703.9999999999995	0.01676321645832445	45.2952	46.940346860409726	2.0	2.5
3135.999999999999	0.016775369063082468	52.6362	58.25135542992831	2.0	2.5
3599.999999999999	0.01673034032453891	60.2414	70.6324900855967	2.0	2.5
4096.0	0.016331612933910146	66.7588	82.37011769438766	2.0	2.5
4623.999999999998	0.015730901387453214	72.669	93.79066653790936	2.0	2.5
5183.999999999999	0.015799555419759907	81.9626	110.49998330903573	2.0	2.5
5775.999999999999	0.015864718200908397	91.8052	128.62246385572962	2.0	2.5
6399.999999999999	0.015541315311596315	99.5858	144.40154540011412	2.0	2.5
19.360000000000003	0.03423866689049027	0.6496	-0.6723208664891867	2.2	2.5
77.44000000000001	0.023146525538412455	1.7936	-0.8979776835323177	2.2	2.5
174.23999999999998	0.020162141607643555	3.4932	-0.7092836143372708	2.2	2.5
309.76000000000005	0.018957144374609977	5.9258	0.09549990961411746	2.2	2.5
484.0	0.019229059712574728	9.3526	1.7630581658937594	2.2	2.5
696.9599999999999	0.01842156161695122	12.8378	4.294992780569971	2.2	2.5
948.6399999999998	0.01915299259765219	18.1504	8.42584745218751	2.2	2.5
1239.0400000000002	0.02048605216184377	25.3936	14.693415371393662	2.2	2.5
1568.16	0.020807812610570797	32.5626	22.297498037163752	2.2	2.5
1936.0	0.021516757424877218	41.689	32.57305748813786	2.2	2.5
2342.5600000000004	0.022284985077009132	52.059	45.194624307737485	2.2	2.5
2787.8399999999997	0.022339500581530815	62.2224	59.17093281342465	2.2	2.5
3271.84	0.022262833940868716	72.632	74.55370149285523	2.2	2.5
3794.559999999999	0.02302785741405796	87.4152	96.10529668050116	2.2	2.5
4356.0	0.022953067286385766	99.9128	116.2767336202829	2.2	2.5
4956.160000000001	0.0235199971264968	116.6512	143.30342752051357	2.2	2.5
5595.039999999999	0.02354908688104899	131.9474	169.93385858646823	2.2	2.5
6272.64	0.02318877325873199	145.4718	195.17537593923606	2.2	2.5
6988.959999999999	0.02288478503515961	160.1474	223.56267233680683	2.2	2.5
7744.0	0.023275862610630464	179.8338	259.77128208018803	2.2	2.5
23.04	0.0327255604120402	0.7446	-0.7798550246875975	2.4	2.5
92.16	0.02300367271475192	2.1102	-1.1100255097530904	2.4	2.5
207.35999999999996	0.02099936639074223	4.3446	-1.0109903304761148	2.4	2.5
368.64	0.019987002427746644	7.355	-0.06559985965800465	2.4	2.5
575.9999999999999	0.02061931833552851	11.8694	1.9991999324807879	2.4	2.5
829.4399999999998	0.021474121710221696	17.8322	5.660622840605346	2.4	2.5
1128.9599999999996	0.022742220334807984	25.6964	11.56283134907485	2.4	2.5
1474.56	0.024090418448414475	35.6604	20.371981605156638	2.4	2.5
1866.2399999999998	0.025457263624629016	47.3828	31.91296777424782	2.4	2.5
2303.9999999999995	0.027181057298660813	62.5768	48.3575729701864	2.4	2.5
2787.8399999999997	0.0291870377534474	81.2128	69.97535049076885	2.4	2.5
3317.7599999999993	0.030203809454264905	100.116	94.44519018624416	2.4	2.5
3893.7599999999998	0.0317420247062386	123.8522	126.66254880731633	2.4	2.5
4515.839999999998	0.03332011892747876	150.4144	164.37926033933653	2.4	2.5
5183.999999999998	0.03473354798168546	180.0178	208.856761461111	2.4	2.5
5898.24	0.03531482433640065	208.3258	254.9484239480266	2.4	2.5
6658.559999999998	0.03489487739716784	232.5852	298.6390556216854	2.4	2.5
7464.959999999999	0.035547419743776655	265.3426	355.2561341077018	2.4	2.5
8317.439999999997	0.03685772262073	306.0364	425.8247663627605	2.4	2.5
9215.999999999998	0.03567553156779508	328.0824	473.2236098608029	2.4	2.5
27.040000000000003	0.03288507327476476	0.8908	-0.9447443032297309	2.6	2.5
108.16000000000001	0.02218285030962565	2.3632	-1.2865081770175595	2.6	2.5
243.35999999999999	0.02114651235504839	5.1536	-1.2873360099102875	2.6	2.5
432.64000000000004	0.02126353539167352	9.2108	-0.2536504305571152	2.6	2.5
675.9999999999999	0.022277762503974553	14.9788	2.2400601212933458	2.6	2.5
973.4399999999999	0.024362662296206854	23.7714	7.3151611990948995	2.6	2.5
1324.9599999999996	0.027347355676717065	36.2502	15.919192004066563	2.6	2.5
1730.5600000000002	0.03028813790953045	52.2338	29.077064600913616	2.6	2.5
2190.24	0.032566693400089795	71.3268	47.634555870080014	2.6	2.5
2703.9999999999995	0.03726458744050124	100.9114	77.37567147454499	2.6	2.5
3271.84	0.03885983293786549	126.9566	108.6583696879199	2.6	2.5
3893.7599999999998	0.04354949578213528	169.7084	159.63194678191957	2.6	2.5
4569.76	0.045403078359677766	207.4976	211.29156106725839	2.6	2.5
5299.839999999998	0.0501016098168845	265.6002	289.5888035606516	2.6	2.5
6083.999999999999	0.0509110108967625	309.537	358.1927107896175	2.6	2.5
6922.240000000001	0.0523219661965356	361.745	441.66703435546106	2.6	2.5
7814.559999999999	0.055897645784531415	436.942	559.9074964543701	2.6	2.5
8760.96	0.05545029467700855	485.8578	649.9677004695709	2.6	2.5
9761.439999999999	0.059056319897725244	576.7518	802.3330111518702	2.6	2.5
10815.999999999998	0.05788111775792377	625.9246	902.5210918930875	2.6	2.5
31.36	0.03171004068723921	0.9888	-1.073778379593115	2.8	2.5
125.44	0.023086539556050233	2.9288	-1.6485464658772024	2.8	2.5
282.2399999999999	0.021347856293724196	6.0496	-1.6157916816369533	2.8	2.5
501.76	0.023561481218314414	11.7444	-0.5691201923889757	2.8	2.5
783.9999999999998	0.02498604347093862	19.5912	2.6821743211501556	2.8	2.5
1128.9599999999996	0.028634411427611042	32.1734	9.325107405430558	2.8	2.5
1536.6399999999992	0.03276452317860816	50.3024	21.56454781850034	2.8	2.5
2007.04	0.03697141569039258	73.9338	40.52008187513318	2.8	2.5
2540.1599999999994	0.04133729570870213	105.1876	69.60861451675972	2.8	2.5
3135.999999999999	0.04910802229629639	154.1076	117.20684802084723	2.8	2.5
3794.559999999999	0.05386036446819491	204.5678	174.39661653468443	2.8	2.5
4515.839999999998	0.06240729255332443	281.9628	264.1422861386192	2.8	2.5
5299.839999999998	0.06938316011327386	367.8832	373.4981411954991	2.8	2.5
6146.559999999997	0.07600647379406839	466.7672	507.55746489243387	2.8	2.5
7055.999999999997	0.08308630067024014	586.1652	677.2271553403066	2.8	2.5
8028.16	0.08740536164571262	701.646	855.5746666937646	2.8	2.5
9063.039999999995	0.0914753352874396	829.6188	1062.0359198079398	2.8	2.5
10160.639999999998	0.09791826365687699	994.9176	1329.249262685037	2.8	2.5
11320.959999999995	0.09876823545860021	1117.7546	1553.7516649289432	2.8	2.5
12543.999999999996	0.10139950929323814	1271.595	1832.4355084134393	2.8	2.5
36.0	0.030224250592515982	1.1058	-1.1938205289289003	3.0	2.5
144.0	0.022606141760849154	3.2658	-1.9076009886636909	3.0	2.5
323.9999999999999	0.022399925212895074	7.2278	-2.0664650370895625	3.0	2.5
576.0	0.024422591704493134	13.9832	-0.8540596334666641	3.0	2.5
899.9999999999998	0.0272424068990718	24.5556	3.0664642126038824	3.0	2.5
1295.9999999999995	0.03255756504724489	42.0808	11.863574957773015	3.0	2.5
1763.9999999999993	0.03871774210200261	68.2012	28.77384066124354	3.0	2.5
2304.0	0.04691201867393447	108.0682	58.84460714881093	3.0	2.5
2916.0	0.05460538125495052	159.2404	104.34012419724354	3.0	2.5
3599.999999999999	0.06592890363888036	237.3396	179.679872339389	3.0	2.5
4356.0	0.07978047858663025	347.3414	294.9201297581625	3.0	2.5
5183.999999999998	0.09288430280005683	481.4412	449.5823617849582	3.0	2.5
6083.999999999999	0.10492436351934005	638.5022	646.7993661374937	3.0	2.5
7055.999999999997	0.1210349399303144	854.33	928.0110486671841	3.0	2.5
8099.999999999998	0.13123995502282892	1062.645	1226.6212323653829	3.0	2.5
9216.0	0.14809803192696266	1365.6358	1664.025830529094	3.0	2.5
10403.999999999996	0.15718556440675194	1634.2766	2089.0113651459124	3.0	2.5
11664.0	0.16977958772636287	1979.2636	2643.063444415188	3.0	2.5
12995.999999999998	0.17347273567869229	2255.0372	3133.4756057651402	3.0	2.5
14399.999999999996	0.18047663371390266	2598.3396	3743.009416314449	3.0	2.5
7.84	0.04828816600687457	0.3918	-0.3710032236090934	1.4	3.0
31.36	0.028866179921768594	0.9024	-0.32224832095560485	1.4	3.0
70.55999999999997	0.021370974996821373	1.503	-0.06649640235302205	1.4	3.0
125.44	0.017529728527393883	2.1378	0.36959797389960736	1.4	3.0
195.99999999999994	0.01584302679490982	3.092	1.1157222251591625	1.4	3.0
282.2399999999999	0.013780492424596705	3.8914	1.9505332538171107	1.4	3.0
384.1599999999998	0.012782708824011342	4.9312	3.1057772732151334	1.4	3.0
501.76	0.011531939040435998	5.8164	4.305249633815253	1.4	3.0
635.0399999999998	0.010800925004135679	6.8974	5.775999397321991	1.4	3.0
783.9999999999998	0.010397260138358141	8.1354	7.547582733641282	1.4	3.0
948.6399999999998	0.009856892283507683	9.3454	9.441625017399335	1.4	3.0
1128.9599999999996	0.00958398572541479	10.754	11.714146456740309	1.4	3.0
1324.9599999999996	0.008669909366888391	11.5152	13.384713001980987	1.4	3.0
1536.6399999999992	0.00853051715398167	13.1538	16.225076989165498	1.4	3.0
1763.9999999999993	0.007990652766176269	14.1138	18.269927346311896	1.4	3.0
2007.04	0.0077774359116323565	15.6012	21.10697793625749	1.4	3.0
2265.759999999999	0.007528241631113374	17.1154	24.174918425429187	1.4	3.0
2540.1599999999994	0.00718118277783165	18.1914	26.618372054843604	1.4	3.0
2830.239999999999	0.006851267542059522	19.3796	29.371766516696503	1.4	3.0
3135.999999999999	0.006800692612949517	21.2296	33.11398879484833	1.4	3.0
12.959999999999999	0.038033310034623014	0.5004	-0.47497984636885177	1.8	3.0
51.839999999999996	0.025049660285479954	1.293	-0.5057549342201347	1.8	3.0
116.63999999999999	0.019606822592043896	2.2888	-0.1662822840927259	1.8	3.0
207.35999999999999	0.01742915150595573	3.5852	0.46132904865750207	1.8	3.0
323.99999999999994	0.015594009294113406	5.0796	1.5712645971808046	1.8	3.0
466.55999999999995	0.014398365964686388	6.691	3.0513008104776063	1.8	3.0
635.0399999999998	0.014077269615344227	8.943	5.263023304125734	1.8	3.0
829.4399999999999	0.013325409978077522	11.0218	7.724259422998155	1.8	3.0
1049.76	0.012748519043602535	13.3486	10.698697971179152	1.8	3.0
1295.9999999999998	0.012295745850658716	15.8804	14.238272085748921	1.8	3.0
1568.16	0.011834115261169438	18.5348	18.27337526985941	1.8	3.0
1866.2399999999998	0.011938860030900743	22.3186	23.73580567465959	1.8	3.0
2190.24	0.01150413219780488	25.2428	28.699507126367777	1.8	3.0
2540.1599999999994	0.010995536558816072	27.8954	33.596868633353	1.8	3.0
2916.0	0.010794929289621334	31.6112	40.21113211431923	1.8	3.0
3317.7599999999998	0.010180349345861418	33.7496	44.92017613177348	1.8	3.0
3745.439999999999	0.010204704834843197	38.1784	53.013127204386144	1.8	3.0
4199.04	0.009400506392374493	39.669	57.35416345072409	1.8	3.0
4678.5599999999995	0.009433063873256344	44.176	66.14620053155667	1.8	3.0
5183.999999999999	0.00898037499610268	46.4986	71.81821158400695	1.8	3.0
10.240000000000002	0.042838226548909904	0.433	-0.41836316196082707	1.6	3.0
40.96000000000001	0.0253367315327203	1.047	-0.3932664167356998	1.6	3.0
92.16	0.02040063264941691	1.8984	-0.1085314808514323	1.6	3.0
163.84000000000003	0.017337144180489275	2.798	0.4276001121617508	1.6	3.0
256.0	0.01519050506892024	3.8888	1.3042296516019232	1.6	3.0
368.64	0.014079921822056526	5.1848	2.4699627231511943	1.6	3.0
501.76	0.013162554003479644	6.587	4.0019762971066335	1.6	3.0
655.3600000000001	0.012509846726078643	8.1766	5.905097334887218	1.6	3.0
829.4399999999999	0.01158608163530252	9.6288	7.917162883980502	1.6	3.0
1024.0	0.011048944119818159	11.3088	10.299854117145344	1.6	3.0
1239.0400000000002	0.010522238739225575	12.9948	12.93783492750848	1.6	3.0
1474.56	0.01011852010762972	14.9278	16.07537313893802	1.6	3.0
1730.5600000000002	0.009756841187821353	16.8376	19.327058628064247	1.6	3.0
2007.04	0.00907258505429006	18.1556	22.101839524740036	1.6	3.0
2304.0	0.0090530375951842	20.8102	26.68462046596136	1.6	3.0
2621.4400000000005	0.008824713077313747	23.0984	31.01713520106033	1.6	3.0
2959.3599999999997	0.008286162225693968	24.5104	34.301937136335994	1.6	3.0
3317.7599999999998	0.007925712232874601	26.2626	38.15181226484328	1.6	3.0
3696.64	0.0077721602198762155	28.7426	43.27002915207916	1.6	3.0
4096.0	0.007385835984071799	30.2828	47.086186069690264	1.6	3.0
16.0	0.036212834168675184	0.5746	-0.5553106438140272	2.0	3.0
64.0	0.023310131971511713	1.4944	-0.6009824236957003	2.0	3.0
143.99999999999997	0.019333074634851347	2.7822	-0.2843500717632994	2.0	3.0
256.0	0.01730109127386144	4.4412	0.5211180896753723	2.0	3.0
399.99999999999994	0.01615179954987733	6.5324	1.959593625453881	2.0	3.0
575.9999999999999	0.01518437798685356	8.7292	3.85795691830699	2.0	3.0
783.9999999999998	0.0149176421326303	11.7502	6.71768672181227	2.0	3.0
1024.0	0.014925735598618957	15.2522	10.433958544216416	2.0	3.0
1295.9999999999998	0.014391912834354148	18.6988	14.798456056897432	2.0	3.0
1599.9999999999998	0.014530945371277568	23.2582	20.567119002364315	2.0	3.0
1936.0	0.014253873707077279	27.6352	26.844205044122216	2.0	3.0
2303.9999999999995	0.01388708995679164	32.0316	33.68683504336369	2.0	3.0
2703.9999999999995	0.013720551600294683	37.1604	41.89411531293743	2.0	3.0
3135.999999999999	0.013620626419442403	42.674	51.10765593032906	2.0	3.0
3599.999999999999	0.013094552403654017	47.232	59.641233848697624	2.0	3.0
4096.0	0.013208788899634585	54.0868	71.68435471160127	2.0	3.0
4623.999999999998	0.012465028076707822	57.6866	79.82276189121694	2.0	3.0
5183.999999999999	0.011911232503991401	61.473	88.28666878890513	2.0	3.0
5775.999999999999	0.011990256402822653	69.3816	103.5189062267699	2.0	3.0
6399.999999999999	0.011652116002664612	74.6074	114.95592733700597	2.0	3.0
19.360000000000003	0.03337854986020681	0.6546	-0.6461972703645834	2.2	3.0
77.44000000000001	0.023566318696897095	1.81	-0.787120988499936	2.2	3.0
174.23999999999998	0.0196201980368838	3.4346	-0.4365391526163111	2.2	3.0
309.76000000000005	0.018109418952869123	5.6268	0.5470059493245554	2.2	3.0
484.0	0.017144866520760776	8.3322	2.295221840809324	2.2	3.0
696.9599999999999	0.01774952090690082	12.4018	5.281829141198657	2.2	3.0
948.6399999999998	0.016984543516902956	16.0526	8.869588368136862	2.2	3.0
1239.0400000000002	0.01685059057520794	20.9464	14.107472355939692	2.2	3.0
1568.16	0.016976177146671725	26.7042	20.756417004259397	2.2	3.0
1936.0	0.017135481509752692	33.2186	29.048840662317158	2.2	3.0
2342.5600000000004	0.01762806191696075	41.292	39.652310682239936	2.2	3.0
2787.8399999999997	0.017336978657146958	48.396	50.465814384323934	2.2	3.0
3271.84	0.01779077027015982	58.1812	65.04616681890911	2.2	3.0
3794.559999999999	0.01664171620563292	63.1232	75.10112596285201	2.2	3.0
4356.0	0.016841014981573702	73.479	92.40335197712749	2.2	3.0
4956.160000000001	0.016257196533151885	80.5376	106.29816657882596	2.2	3.0
5595.039999999999	0.01610924655594282	90.3346	124.68114855441854	2.2	3.0
6272.64	0.015874787681135597	99.7742	143.10033018218994	2.2	3.0
6988.959999999999	0.01570128858118395	109.8404	163.45854357957103	2.2	3.0
7744.0	0.015318121868020698	118.5734	182.2648183620298	2.2	3.0
23.04	0.0330778124035701	0.7586	-0.7603847176922571	2.4	3.0
92.16	0.02233288572587926	2.044	-0.9232859192707389	2.4	3.0
207.35999999999996	0.019681675251023906	4.1058	-0.5651449843861482	2.4	3.0
368.64	0.019095831099662366	6.9618	0.5161129186573663	2.4	3.0
575.9999999999999	0.01830416831937612	10.4768	2.6437280180372364	2.4	3.0
829.4399999999998	0.018919942216202513	15.7098	6.4559111095601205	2.4	3.0
1128.9599999999996	0.019624424858891425	22.2112	12.0796561632911	2.4	3.0
1474.56	0.019904700441597912	29.4196	19.459694427222026	2.4	3.0
1866.2399999999998	0.02108510483999826	39.3126	30.185377962240576	2.4	3.0
2303.9999999999995	0.021708580406946017	49.8658	43.00714408563084	2.4	3.0
2787.8399999999997	0.021554825447089327	60.1326	57.37695669144412	2.4	3.0
3317.7599999999993	0.022476527864620788	74.5394	77.25973465897243	2.4	3.0
3893.7599999999998	0.021897603423687535	85.178	94.85886856100339	2.4	3.0
4515.839999999998	0.022397743012626332	101.3298	120.14905674332532	2.4	3.0
5183.999999999998	0.02185029368660302	113.1562	141.60621911438537	2.4	3.0
5898.24	0.02167383020494063	127.9378	168.3123934029844	2.4	3.0
6658.559999999998	0.02194049462586549	146.1966	201.06540464045563	2.4	3.0
7464.959999999999	0.02153686401502171	160.5484	229.69817009345667	2.4	3.0
8317.439999999997	0.020540140622482515	170.534	253.06124550026516	2.4	3.0
9215.999999999998	0.020219322037951112	186.1628	285.72048161498805	2.4	3.0
27.040000000000003	0.033207006007694315	0.911	-0.906041108492135	2.6	3.0
108.16000000000001	0.0218935220163195	2.368	-1.084835401276823	2.6	3.0
243.35999999999999	0.020218744281410492	4.9116	-0.8086033190022521	2.6	3.0
432.64000000000004	0.019062336221754142	8.2356	0.5161711360870915	2.6	3.0
675.9999999999999	0.020439067243810574	13.7972	3.3214545527341666	2.6	3.0
973.4399999999999	0.021503972401391788	21.0674	8.408187319450699	2.6	3.0
1324.9599999999996	0.023083389125706802	30.657	16.246357152216262	2.6	3.0
1730.5600000000002	0.024770781830918052	42.8372	27.80357172845297	2.6	3.0
2190.24	0.025838561750979597	56.6492	43.03338874380119	2.6	3.0
2703.9999999999995	0.026858614602538414	72.5256	62.20655760530531	2.6	3.0
3271.84	0.02788690121319227	91.4804	86.82899892281725	2.6	3.0
3893.7599999999998	0.029664228823292945	115.3432	118.96674544754822	2.6	3.0
4569.76	0.030217258247489616	138.3826	153.64330072964916	2.6	3.0
5299.839999999998	0.03051396982679745	161.8346	191.31467853193172	2.6	3.0
6083.999999999999	0.03124854654801903	190.2058	237.80274321783068	2.6	3.0
6922.240000000001	0.030126284125082833	208.6958	274.01036910549993	2.6	3.0
7814.559999999999	0.03015485887112797	235.9578	324.0169954228127	2.6	3.0
8760.96	0.029894248466899604	261.7598	373.92893478723204	2.6	3.0
9761.439999999999	0.029077842107975538	283.8996	420.76550790514665	2.6	3.0
10815.999999999998	0.028318649438014768	305.766	468.76943460216967	2.6	3.0
31.36	0.030783104556018997	0.9636	-0.9781614671576881	2.8	3.0
125.44	0.021970003242852316	2.7418	-1.3192880533376772	2.8	3.0
282.2399999999999	0.02028350450773797	5.6828	-0.9922242366261089	2.8	3.0
501.76	0.020866344328251303	10.5288	0.5095881645735476	2.8	3.0
783.9999999999998	0.0228385228759816	17.9148	4.110580461631122	2.8	3.0
1128.9599999999996	0.024855797326537383	28.0698	10.785362116051333	2.8	3.0
1536.6399999999992	0.027133349777440537	41.7874	21.832925464970128	2.8	3.0
2007.04	0.029527215927925538	59.288	38.06604806236896	2.8	3.0
2540.1599999999994	0.03241084458624621	82.4712	62.10994499566839	2.8	3.0
3135.999999999999	0.03503760746176639	109.7638	93.61176734229632	2.8	3.0
3794.559999999999	0.03768937625475008	143.055	135.11857424468175	2.8	3.0
4515.839999999998	0.04006878731244859	180.9026	186.08514367626685	2.8	3.0
5299.839999999998	0.04130731077185792	218.518	241.62690696151247	2.8	3.0
6146.559999999997	0.04289142672110519	264.2998	311.9998269394	2.8	3.0
7055.999999999997	0.043562423613443174	307.283	383.3292207552959	2.8	3.0
8028.16	0.04397128245703066	352.8282	462.6559233801388	2.8	3.0
9063.039999999995	0.04342393743935544	393.9344	540.5010073546714	2.8	3.0
10160.639999999998	0.04244254518481498	431.0766	615.2827868550746	2.8	3.0
11320.959999999995	0.04181601818587821	472.76	700.2206157482027	2.8	3.0
12543.999999999996	0.04184607783218497	524.6488	804.145367107366	2.8	3.0
36.0	0.029824830335882596	1.0574	-1.076651482818368	3.0	3.0
144.0	0.022872665882465303	3.259	-1.653433465580429	3.0	3.0
323.9999999999999	0.02126254986644195	6.841	-1.3789335048535325	3.0	3.0
576.0	0.022792390470246032	12.986	0.35300073767100654	3.0	3.0
899.9999999999998	0.025355420740618743	22.7802	4.8767772736866855	3.0	3.0
1295.9999999999995	0.028840902294017735	37.4104	14.029238640343086	3.0	3.0
1763.9999999999993	0.032955456872567894	58.1742	29.885566260234853	3.0	3.0
2304.0	0.03736449016948373	86.0068	54.7614946099211	3.0	3.0
2916.0	0.041834454518956704	121.9964	91.22801121560579	3.0	3.0
3599.999999999999	0.04699813875795216	169.2958	143.72731189093608	3.0	3.0
4356.0	0.05220347577743563	227.4148	214.0280765197902	3.0	3.0
5183.999999999998	0.05664956989949747	293.757	301.3974801452424	3.0	3.0
6083.999999999999	0.06004875633674449	365.1538	403.0796803392627	3.0	3.0
7055.999999999997	0.06193510163399146	436.5336	513.8679307671405	3.0	3.0
8099.999999999998	0.06515155647283433	527.4466	656.9581172867694	3.0	3.0
9216.0	0.06366275205273798	587.4694	770.0442178729319	3.0	3.0
10403.999999999996	0.06552780782553795	682.298	935.2490295614072	3.0	3.0
11664.0	0.06389850767353669	745.315	1063.3913882279367	3.0	3.0
12995.999999999998	0.06367397695103998	827.1642	1224.726417146137	3.0	3.0
14399.999999999996	0.0613173920923241	882.8758	1352.6769438183485	3.0	3.0
